                sum  min           max
month                                 
6      7.759788e+10  0.0  1.671713e+09
12     6.952555e+10  0.0  2.847246e+09
7      6.173530e+10  0.0  1.667635e+09
5      6.131612e+10  0.0  1.047612e+09
11     5.769413e+10  0.0  2.187464e+09
3      4.165949e+10  0.0  1.263521e+09
10     4.163847e+10  0.0  1.108561e+09
4      3.660657e+10  0.0  2.797801e+09
9      3.445130e+10  0.0  8.885777e+08
8      3.284068e+10  0.0  7.600990e+08
2      3.029330e+10  0.0  1.346739e+09
1      2.202045e+10  0.0  5.240287e+08